 1 	-5.607141e+02  	6.329927e-08  
 2 	-5.763022e+02  	3.797670e-08  
 3 	-5.901464e+02  	2.740804e-08  
 4 	-5.926308e+02  	2.587507e-08  
 5 	-5.934298e+02  	2.540135e-08  
 6 	-5.937115e+02  	2.523336e-08  
 7 	-5.938612e+02  	2.513827e-08  
 8 	-5.939192e+02  	2.509642e-08  
 9 	-5.939472e+02  	2.507217e-08  
10 	-5.939668e+02  	2.505276e-08  
11 	-5.939817e+02  	2.503653e-08  
12 	-5.939918e+02  	2.502387e-08  
13 	-5.940006e+02  	2.501247e-08  
14 	-5.940088e+02  	2.500194e-08  
15 	-5.940151e+02  	2.499294e-08  
16 	-5.940202e+02  	2.498533e-08  
17 	-5.940248e+02  	2.497849e-08  
18 	-5.940289e+02  	2.497238e-08  
19 	-5.940321e+02  	2.496732e-08  
20 	-5.940351e+02  	2.496249e-08  
