 1 	-5.652292e+02  	5.583807e-08  
 2 	-5.772183e+02  	3.692075e-08  
 3 	-5.916277e+02  	2.641911e-08  
 4 	-5.943505e+02  	2.471795e-08  
 5 	-5.949738e+02  	2.436595e-08  
 6 	-5.951543e+02  	2.426958e-08  
 7 	-5.952362e+02  	2.421672e-08  
 8 	-5.952824e+02  	2.418182e-08  
 9 	-5.953142e+02  	2.415259e-08  
10 	-5.953403e+02  	2.412461e-08  
11 	-5.953594e+02  	2.410175e-08  
12 	-5.953740e+02  	2.408197e-08  
13 	-5.953851e+02  	2.406492e-08  
14 	-5.953952e+02  	2.404862e-08  
15 	-5.954029e+02  	2.403550e-08  
16 	-5.954091e+02  	2.402401e-08  
17 	-5.954146e+02  	2.401332e-08  
18 	-5.954195e+02  	2.400354e-08  
19 	-5.954237e+02  	2.399499e-08  
20 	-5.954273e+02  	2.398759e-08  
